-124 010110011001111011
-123 11100010101
-110 01011000101
-109 101000111100101110
-106 0100000
-105 10100011110010111111
-96 11100011
-85 01011000110
-72 111000100111011
-69 01011000111
-64 000001111
-63 0111100111
-62 000001100
-61 00000111000
-60 0111100011
-59 101000011101
-58 0101100110010
-57 000001010001
-56 11100010100
-55 01011001100111101010
-54 1010001010
-53 010000101011
-52 0111100010
-51 101000100
-50 1011010001
-49 010100110
-48 0000011010
-47 0100001011
-46 10100001111
-45 000001010000
-44 0000011011010
-43 11100010011100
-42 1110001001110100
-41 101000111111
-40 10100011110011
-39 0101100110011110100
-35 111000100110
-34 10100011110010110
-33 01011001101
-32 1000
-31 010001
-30 10011
-29 011100
-28 00011
-27 0110
-26 0111101
-25 010101
-24 0011
-23 1011000
-22 01001
-21 10101
-20 00001
-19 0010
-18 1111
-17 101001
-16 10010
-15 10111
-14 11101
-13 111001
-12 000001011
-11 0101000
-10 00000100
-9 000000
-8 0101101
-7 101000110
-6 00000101011
-5 010111
-4 011101
-3 101000010
-2 10110101
-1 011111
9 10100001101110
10 1110000
13 1011011
32 110
33 1011010000
35 11100010111
38 11100010110
40 101000011000
41 101000011001
42 10100011110010100
44 00010
45 010100100
46 1011001
47 0101100110011101
48 000001101100
49 00000110111
50 1010001011
51 1011010011
52 01000010100
53 000001110111
54 1110001001111
55 1010001111100
56 000001110100
57 1010001111101
58 01011001110
59 1011010010
60 01011001100111101011
62 10100011110010111110
63 1010001110
65 0000011101011
66 0100001010100
67 01011001100110
68 010110001000110
69 101000111100100
70 0101100010001111
71 0101100110011100
72 0101100010001110
73 000001110110
74 01011000100010
75 11100010011101010
76 10100001101111
77 0100001010101
78 00000111010101
79 0101100110011111
80 00000111010100
81 1010000110110100
82 1010001111011110
83 101000011011011
84 1010000110110101
85 11100010011101011
86 0101100010000
87 01011001100111100
88 0000011011011
90 1010001111001011110
91 00000101001
93 00000101010
95 10100011110010101
97 010100111
98 010110011000
99 0101001010
100 0101001011
101 10100000
102 101000011010
103 010110001001
104 00000111001
105 010110000
106 1010001111000
107 101000111101110
108 1110001000
109 0111100110
110 011110000
111 010000110
112 11100010010
113 101000011100
114 010110010
115 011110010
116 010000100
117 010000111
118 01011001111
119 1010001111011111
120 10100011110110
121 10100001101100
122 1010001111010
*